¼ÒÊô×¡Õ¬19ËÞÉá,116.32949980092,40.014113389982,116.32953325442,40.013963481835,116.33025735601,40.013984959228,116.3302113527,40.01419911258,
¼ÒÊô×¡Õ¬20ËÞÉá,116.32944988607,40.014453321012,116.32948963679,40.014320968225,116.33034480928,40.014308705183,116.33030409745,40.014602276044,116.3301531522,40.014623393398,116.33015772678,40.014481366801,
¼ÒÊô×¡Õ¬21ËÞÉá,116.32943526499,40.014756756413,116.33004327543,40.014666554683,116.33016879424,40.015036075044,116.32939940411,40.014862793741,
¼ÒÊô×¡Õ¬22ËÞÉá,116.32935998499,40.015272853527,116.32937349816,40.015128486386,116.33019870083,40.015218646407,116.3301910844,40.015415944249,
¼ÒÊô×¡Õ¬23ËÞÉá,116.32936142456,40.015632689777,116.32940797527,40.015453584485,116.33023832365,40.0155339806,116.33017500281,40.015723204517,
29ºÅÂ¥,116.33074206272,40.014491680562,116.33088789164,40.014515975768,116.33085809615,40.014768201293,116.33056546077,40.014770400351,
22ºÅÂ¥,116.33062069127,40.014382441306,116.33063067871,40.014213591592,116.3309123774,40.014211888057,116.33086971172,40.014379896759,
×Ï¾£7ºÅÂ¥,116.33305896694,40.017002686435,116.33356690968,40.017442530043,116.33340462538,40.017578221432,116.33288380833,40.017110976996,
×Ï¾£6ºÅÂ¥,116.33313039292,40.016710738781,116.33329736451,40.016575013671,116.33417363428,40.017439045814,116.33457650271,40.017457287728,116.33457622534,40.017629321333,116.33398441538,40.017631642547,
ÒûÊ³ÖÐÐÄ¼Ó¹¤³§,116.33310180726,40.014913458998,116.33310773453,40.0146693882,116.33330019661,40.014473004256,116.33375710788,40.014490046005,116.33361777335,40.014939692898,
27ºÅÂ¥,116.33137088271,40.014654242029,116.33195065889,40.01468614278,116.33194959079,40.014802285098,116.33136213076,40.014773804117,
26ºÅÂ¥,116.33201449192,40.014878914776,116.33203601592,40.014721556892,116.332884336,40.014730398129,116.33284688333,40.014887736811,
25ºÅÂ¥,116.33266936992,40.014407782815,116.33313348027,40.014432903983,116.33311141514,40.014517824671,116.33266820872,40.014509318164,
24ºÅÂ¥,116.3327196743,40.014088534198,116.33316079917,40.014107681717,116.33316604336,40.014203311539,116.33270638637,40.014183488149,
ÌÒÀîÔ°,116.33268473159,40.016342508792,116.33303848863,40.016660097117,116.33273498992,40.016967087358,116.33229571765,40.016508927921,
×Ï¾£3ºÅÂ¥,116.33272162849,40.016036610629,116.33269485582,40.016226343961,116.33185224323,40.016162217398,116.33190289836,40.01601619204,
×Ï¾£2ºÅÂ¥,116.33294613491,40.015603828599,116.33335817987,40.016019785451,116.33315787787,40.016158003409,116.33279970754,40.015837090088,116.33188978987,40.015789870406,116.3319166828,40.015586104645,
×Ï¾£1ºÅÂ¥,116.33318132611,40.01522877141,116.33371726,40.015730813331,116.33350489394,40.015878379147,116.333023247,40.015429589765,116.33192054121,40.015376426782,116.33193596545,40.015187420981,
