东区体育馆,116.33793262452,40.010602138706,116.33814617492,40.010605743455,116.33805301047,40.012175510295,116.33782636854,40.012170838128,
西网球场,116.33733837201,40.010413488267,116.33739749274,40.009531271578,116.33783202628,40.009548880418,116.33777372781,40.010433104694,
5号楼,116.33506281816,40.012099662016,116.33506550205,40.01190787138,116.33603048783,40.011930759672,116.33599819989,40.012136804659,
12号楼（教务处、研究生院）,116.33618652152,40.012155982816,116.33617375829,40.011990204391,116.33684009679,40.012006783093,116.33687206138,40.012157747,
11号楼（汽车系）,116.33620183741,40.011797941558,116.3362137693,40.01164642918,116.33688706317,40.011662245444,116.33689527825,40.011814778271,
交叉信息研究院,116.33620920275,40.011493406443,116.33620803421,40.011197555274,116.33685354773,40.011221587285,116.33686409841,40.011526724875,
10号楼（心理咨询中心）,116.33625975031,40.011007166832,116.33624735213,40.010872397216,116.33690720637,40.010871987427,116.33691749955,40.011033640894,
9号楼,116.33626373853,40.010652085261,116.33627377134,40.010505112729,116.33691352957,40.010526123341,116.33690018537,40.010673998038,
南区学生食堂,116.33490454568,40.012073488423,116.334364373,40.011762550454,116.33443262705,40.011038343146,116.33483181013,40.01104310704,116.33481340347,40.011508407793,116.33494807219,40.011531983692,
人文社科图书馆,116.33463861356,40.009851186311,116.3348559269,40.009664511165,116.33519693992,40.0097090868,116.33526619328,40.009950821425,116.3359635807,40.009988043945,116.33594021865,40.01022043813,116.33460810965,40.010186903527,
土木馆（何善横楼）,116.33662969378,40.010032052133,116.33668800435,40.009234497526,116.33701206295,40.00925461743,116.33699111468,40.010034978677,
土木系实验室,116.33576997994,40.009099345404,116.33653144169,40.009136194509,116.33648727342,40.010242900882,116.33608403863,40.010191135318,116.33607796084,40.009944310878,116.33567950782,40.009896340813,
