第三教室楼三段,116.33471554739,40.008857179141,116.33473817218,40.008647358462,116.33564992981,40.008685732599,116.33564819303,40.0088656699,
焊接馆,116.33682446571,40.006939476879,116.33705672973,40.006945374019,116.33702210697,40.007803298224,116.33675809711,40.007810034788,
第三教室楼一段、二段,116.33501530908,40.008502054962,116.33503226538,40.00807204386,116.33571848497,40.008095640388,116.33572127913,40.008511499731,
第六教学楼A区,116.33700215165,40.00814504607,116.33698937358,40.008870229542,116.33610307801,40.008106187301,
第六教学楼B区,116.33644507838,40.00854621176,116.33680407036,40.008863897764,116.33662158558,40.008860799019,116.33645507347,40.008706874966,116.33621360081,40.008864600513,116.33602942097,40.008860910635,
第六教学楼C区,116.33633810289,40.008485364782,116.33607115631,40.008687527841,116.33599332338,40.008480106875,116.33611775549,40.008305596807,
西主楼,116.337500528,40.007758490419,116.33798494686,40.007770141502,116.33800155085,40.007019235067,116.33757197396,40.006980217049,116.33759869784,40.006811675281,116.33823650026,40.006880907758,116.33817583718,40.007933357569,116.33748323657,40.007939564136,
西配楼,116.33692666455,40.006345205379,116.33780645989,40.00637440701,116.33776771057,40.006630939913,116.33689054045,40.006596642072,
新清华学堂,116.33646338264,40.007581088958,116.33598252756,40.007595376391,116.33561538161,40.007350525025,116.33568148859,40.007075896936,116.33612776829,40.006948999257,116.33651270198,40.006929515859,
校史馆,116.33529566103,40.007776674003,116.33534779997,40.007573328337,116.33653993678,40.007586937733,116.33651357228,40.007812430788,
蒙民伟音乐厅,116.33495286803,40.007725916762,116.33496383984,40.00741575382,116.33533983279,40.00743115455,116.33525527921,40.007711571137,
