工会,116.32935715233,40.006246075324,116.3293505684,40.006257998042,116.32936682563,40.006069392646,116.32964029082,40.006213999788,
古月堂,116.32828941681,40.00802710026,116.32873095674,40.008049381865,116.32867819648,40.008840092104,116.32818021254,40.008822101265,
工字厅,116.32873693018,40.008870531994,116.32881838797,40.00804555216,116.33013265805,40.008084811704,116.33010300234,40.008905687224,
水木清华,116.32833156591,40.009298802096,116.32841761863,40.008909600184,116.32985109203,40.008935608087,116.3298348356,40.009307108168,
荷园餐厅 工会俱乐部,116.32742666768,40.008875833216,116.32744391916,40.008378061167,116.32788365206,40.00837874961,116.32786050571,40.008894020859,
西湖游泳池,116.32584862713,40.005844817422,116.32676953406,40.00587939858,116.32675777852,40.006031384958,116.32727606981,40.006084725086,116.32724191987,40.00670386278,116.32656802054,40.006697365047,116.3266031196,40.006493180513,116.32609105686,40.006449863581,116.32578594251,40.00628907728,
强斋 静斋 熙春园餐厅,116.32791513853,40.00743190485,116.32782558306,40.007436213467,116.32792664163,40.006711525431,116.32810263302,40.006741540987,116.32820764321,40.006944311651,116.32801920309,40.008119259539,116.32781998595,40.008134327767,
问讯处,116.32850409141,40.006096510668,116.32884087569,40.006053666934,116.32892044221,40.006110409105,116.32889780235,40.006182082795,116.32877368209,40.00626649159,116.32848875203,40.00619737114,
甲所,116.32859911235,40.006859534687,116.32863770481,40.006466795771,116.32914744305,40.006387708626,116.32942997928,40.006489088427,116.32943355149,40.006752948356,116.3291571856,40.00690431285,
丙所,116.32982289594,40.006942155946,116.3298215737,40.006583789129,116.33024508729,40.006582852603,116.33025210011,40.006957831243,
