二校门,116.33099228059,40.006667320521,116.33107842594,40.006717404842,116.33096825965,40.006737901232,116.33087511408,40.006706740001,
研究生招办,116.33119321865,40.006698199491,116.33139321056,40.006694535698,116.33137517326,40.0068790435,116.33116790083,40.006846869053,
机械工程馆,116.33144048614,40.006914194117,116.33145966091,40.006758171097,116.33240667562,40.006824831968,116.33257077352,40.006877281305,116.33251856308,40.007268258654,116.33232940473,40.007252207553,116.33235861706,40.00697791063,
旧土木馆,116.33145170901,40.007090135684,116.33170300046,40.007055440753,116.33198954099,40.007065344715,116.33218685808,40.00715533302,116.33217351507,40.007231464443,116.33197122269,40.007277731207,116.33164010785,40.007257097269,116.33141750921,40.007195730939,
旧水利馆,116.33199128981,40.007531902123,116.33202204218,40.007340100107,116.33259982765,40.007356517984,116.33259994735,40.007553686206,
科学馆,116.33032151479,40.00879118124,116.33038377416,40.008245824643,116.33065990114,40.00825664648,116.33060743316,40.008811910686,
第二教室楼,116.33040224621,40.007782207511,116.3307178466,40.007801923857,116.33065294889,40.008197174612,116.33048293142,40.008188389452,116.33052084478,40.00794375874,116.33037873819,40.007946977841,
校友总会 同方部,116.33169798056,40.008421608254,116.33169526498,40.008249641198,116.33204661929,40.008267992019,116.33203897176,40.00843107374,
教育基金会,116.33208581218,40.008422070149,116.33208177489,40.008268052045,116.33244600038,40.008286739477,116.33246334749,40.008441051968,
文西楼（宏盟楼）,116.33254856889,40.008921207215,116.33259087477,40.008374335346,116.33281552656,40.008369274771,116.33277183023,40.008928878045,
清华学堂,116.33161468831,40.007879530206,116.33283653178,40.007989403707,116.33281769724,40.008330017615,116.33268699107,40.008313276857,116.33263015401,40.008089776397,116.3317863885,40.008029480457,116.33167013721,40.008276360886,116.33154892773,40.008270865559,
第四教室楼（真维斯楼）,116.33363887059,40.008264225655,116.33366069807,40.008085133115,116.33405994718,40.008110124139,116.33411338428,40.008024958121,116.33428878214,40.008023593635,116.33422367746,40.0082870444,
第五教室楼（郑年锦楼）,116.33297445178,40.008333456975,116.33302056235,40.007986190519,116.33314943393,40.00793918565,116.33324792878,40.007944343328,116.33323949737,40.008119073017,116.33339930098,40.008123781084,116.33339565976,40.008342650462,116.33354069415,40.0083753419,116.33352516678,40.008516880712,116.33308317594,40.008475619957,
文南楼（黄松益楼）,116.33341521681,40.00763884317,116.33355800869,40.007646145145,116.33360575411,40.007506074769,116.33423141678,40.007500589603,116.33433472205,40.007562731341,116.33432619816,40.007674761871,116.33420447231,40.007746534018,116.33410573025,40.007745606097,116.33412255556,40.007668024461,116.33370567692,40.007653558197,116.33363428956,40.00777469495,116.33341010498,40.007775030754,
保卫处 派出所,116.33328887712,40.007434894896,116.33329405263,40.00733268903,116.33421812661,40.007371552739,116.33422429684,40.007471492291,
动力机械与工程研究所,116.33343184931,40.00714696308,116.33346296209,40.006858980688,116.3342141618,40.006896261928,116.33422461426,40.007198040473,
第一教室楼,116.33061288268,40.006877174649,116.33078781624,40.006874556594,116.33074281787,40.007433722855,116.33056966076,40.007423120063,
本科生招办,116.33044637883,40.006829833756,116.3304785857,40.006586586662,116.33078826937,40.006665644907,116.3308041964,40.006797597965,
