³ÂÃ÷ÓÎÓ¾¹Ý,116.33719332907,40.013557183291,116.33725215244,40.013081795053,116.3383970558,40.013130396302,116.33836054863,40.013577171734,
×ãÇò³¡,116.33714358274,40.013762257989,116.33792108776,40.013773432681,116.33786925488,40.014607800119,116.33709947289,40.014577486431,
ËÕÊÀÃñÊéÔº,116.33568982455,40.013592972374,116.33574133555,40.012996075016,116.33681260063,40.01303316799,116.33680866465,40.01362881724,
18ºÅÂ¥,116.3350211372,40.013000115172,116.3350386293,40.012879502507,116.33558153522,40.012901914202,116.33556610339,40.013025835909,
17ºÅÂ¥,116.33462796794,40.013112627676,116.3351965591,40.013117274435,116.33519436402,40.013232190157,116.33461373629,40.013229083569,
16ºÅÂ¥,116.33416757083,40.013431430172,116.33419247983,40.013319766551,116.33480228062,40.013347614873,116.3347670476,40.013463200269,
15ºÅÂ¥,116.33437252395,40.01209973226,116.33491382517,40.012333547889,116.33430788176,40.012604888711,
37ºÅÂ¥,116.33493446532,40.013768798487,116.33507520439,40.013829006531,116.33539915918,40.013746225249,116.33538381389,40.013879484137,116.33507883519,40.013997226186,116.33482200137,40.013873627158,
36ºÅÂ¥,116.33551756065,40.013895590654,116.33553239977,40.013753532361,116.33582699716,40.013839700103,116.33617243333,40.013770944277,116.33616294793,40.013914436395,116.33581838713,40.014007384956,
35ºÅÂ¥,116.33617791409,40.013915396989,116.33619200144,40.0137683646,116.336511757,40.013881738276,116.33663938934,40.013858165607,116.33670181282,40.013950005244,116.33648980931,40.014028847117,
34ºÅÂ¥,116.33616799954,40.014467351605,116.33616507711,40.01430732269,116.33648396267,40.014153306206,116.33671693295,40.014283445831,116.33661942212,40.014427898032,116.33643390141,40.014377395341,
33ºÅÂ¥,116.33547470634,40.014443352697,116.33548354928,40.014295423055,116.33579241762,40.014197012151,116.3361286501,40.01431449075,116.33613497108,40.01445052764,116.33600022075,40.014446652291,116.33577449304,40.014348992864,
32ºÅÂ¥,116.33467893287,40.014334077738,116.33504844119,40.014195698858,116.33535024059,40.014300092229,116.33532417163,40.014422829521,116.33505762138,40.014335739574,116.33473637011,40.014444747515,
31ºÅÂ¥,116.3346610529,40.014342680672,116.33471102799,40.014463485003,116.33425574025,40.014745266095,116.3341207974,40.014415919552,
ÎÅÜ°Ô°£¨ÇåÇà¿ì²Í£©,116.33505878937,40.012781529117,116.33502069761,40.012375355613,116.33559908174,40.012379799511,116.33556495761,40.012793759231,
Æû³µÏµÊµÑéÂ¥,116.3356838317,40.012893765291,116.33570301104,40.012539172539,116.33623809392,40.012549103296,116.3363190431,40.012915586764,
30ºÅÂ¥,116.33636789655,40.012530537396,116.33635611745,40.012407417376,116.33682701092,40.012417951103,116.33680792729,40.012838743239,116.33665662047,40.012825121426,116.33667268007,40.012542292627,
ºì³¡£¨ÀºÇò³¡£©,116.33713725127,40.01270480125,116.33714333847,40.012459082565,116.3377351376,40.012451218067,116.33771726982,40.012710816992,
