财务处,116.33333455558,40.011682592498,116.33334056608,40.011402321862,116.3338666697,40.011415573537,116.33386978988,40.011722179058,
校团委 广播台,116.33355886137,40.010647150717,116.33356185674,40.010412637034,116.33391675874,40.010396829131,116.33393984212,40.010647353078,
物业管理中心,116.33275073706,40.011268249476,116.33278675812,40.010985775096,116.33302075782,40.010984459802,116.33296804187,40.011290655142,
北院（情人坡）,116.33183505146,40.010675933742,116.33266637119,40.010686428641,116.33261836926,40.011737230046,116.3316861725,40.011681926259,
文北楼,116.33334486821,40.009431668134,116.33358809496,40.009379812775,116.33351614598,40.009750737993,116.33323780916,40.009710147093,
泥沙实验室,116.33373717884,40.008582432716,116.33417860541,40.008666310046,116.33409108869,40.009503412502,116.33367196695,40.009456177436,
新水利馆,116.33149034839,40.00943377506,116.33155116928,40.008910953199,116.33180483425,40.008921405123,116.33177497343,40.009230444294,116.33250470368,40.009276162898,116.33253595974,40.008972051846,116.33278061824,40.008985254955,116.33274298677,40.00952753389,
大礼堂,116.33082612102,40.009620846529,116.33086198019,40.009225877333,116.33120539412,40.009239087421,116.3311492504,40.009626651973,
西阶梯教室,116.3302437176,40.009023380817,116.33026963271,40.008849177176,116.33057977674,40.008867788771,116.33056518686,40.009047366246,
环境工程实验楼,116.33240644644,40.010444351021,116.33244675968,40.010060652416,116.33288950619,40.010073496821,116.33285466239,40.010316176632,116.33303427616,40.010354870663,116.33306589615,40.010650122333,116.33271934753,40.010642384287,116.33274126137,40.010484336779,
图书馆老馆,116.33092568403,40.010604605716,116.33094986216,40.010448517277,116.33158203727,40.010483338632,116.33175511221,40.010415861702,116.331858994,40.009883093726,116.3319781169,40.009886449919,116.33200323592,40.010070951024,116.33227711436,40.010090752421,116.33226516132,40.010518886024,116.33191752456,40.010496729728,116.33173013925,40.010657026121,116.33135399893,40.010640057552,116.331325927,40.010852802959,116.33114943101,40.010851305506,116.33114059645,40.010633944819,
图书馆新馆（逸夫馆）,116.32971761574,40.011154404076,116.32984157887,40.010190067551,116.33046538228,40.010216041728,116.33044380238,40.010784091845,116.33134224172,40.010877788836,116.33133606843,40.010982916959,116.32995534677,40.010893771696,116.32989859429,40.011152897583,
图书馆北楼,116.32990104536,40.01159318175,116.32998838602,40.011037416442,116.3310243719,40.011098063661,116.33091958189,40.011645381425,
