基础工业训练中心,116.33501455313,40.005965782385,116.33506275198,40.00536338147,116.33605339172,40.005399976208,116.33602080982,40.005988504946,
设备仪器厂,116.33505713876,40.005205181275,116.33512812176,40.004690288044,116.33605079347,40.004714644422,116.33603368733,40.005207373072,
经管学院,116.33695238613,40.005486261161,116.3369934269,40.004829180391,116.33875810047,40.004869654792,116.33873946706,40.005499530402,
清华-富士康纳米科技楼,116.33527415008,40.004365722027,116.33530436134,40.003924260562,116.33587528272,40.003949181078,116.33587302496,40.00438957603,
能科楼A,116.33548088067,40.003340147022,116.33550299698,40.003207045964,116.33618516272,40.003234942338,116.33613365126,40.003737765039,116.33597749271,40.003731313755,116.33599816655,40.003357465931,
能科楼B,116.33526626948,40.003694534924,116.33530513351,40.003517687915,116.33560585325,40.003530480066,116.33575083349,40.003436075061,116.33593507354,40.003492670549,116.33590846159,40.003610730422,116.33575675178,40.003692029774,
精密仪器系9003大楼（曾宪梓楼）,116.33651385324,40.00334813283,116.33831262499,40.003408832795,116.33825832081,40.003827906091,116.33808294062,40.003813389507,116.33808472745,40.003568455399,116.33673543129,40.003519015582,116.33667603652,40.003722946838,116.33648740106,40.003726860285,
公共管理学院伍舜德楼,116.33786985979,40.004062475274,116.33819503442,40.00405980806,116.33818987356,40.004694355326,116.33784162205,40.004652785587,
法学院明理楼,116.33826637306,40.004217280893,116.33828642731,40.00402340632,116.33857968351,40.004038225525,116.33859834302,40.003468615354,116.33887056273,40.003486498031,116.33886488978,40.004242101338,
微电子所,116.33655787948,40.004536705855,116.33659420122,40.004182256064,116.33742803276,40.004177399546,116.33740607311,40.004535846413,
信息科学技术大楼（FIT楼）,116.33769901989,40.002166554418,116.33860521458,40.002165187696,116.33890988122,40.002403032771,116.33884971288,40.00294157559,116.33762407364,40.002914472488,
